12
balearica_regulorum         0.00000000 0.03641101 0.05772508 0.29960433 0.05008689 0.03238569 0.05156452 0.03834864 0.03855986 0.44185355 0.03368192 0.03131581 
charadrius_vociferus        0.03641101 0.00000000 0.05829849 0.30014962 0.05110551 0.03309408 0.05182390 0.03928442 0.03910585 0.44329625 0.03457599 0.03194668 
chauna_torquata             0.05772508 0.05829849 0.00000000 0.30146501 0.07144079 0.05439515 0.07299548 0.06010617 0.06057481 0.44403101 0.05590165 0.05227348 
eublepharis_macularius      0.29960433 0.30014962 0.30146501 0.00000000 0.31064049 0.29617655 0.31513847 0.30143651 0.30376423 0.49858203 0.29924479 0.29726323 
eurypyga_helias             0.05008689 0.05110551 0.07144079 0.31064049 0.00000000 0.04678839 0.06495603 0.05258521 0.05148753 0.45190586 0.04831901 0.04593554 
gavia_stellata              0.03238569 0.03309408 0.05439515 0.29617655 0.04678839 0.00000000 0.04815908 0.03415741 0.03440554 0.43833113 0.02875041 0.02611144 
opisthocomus_hoazin         0.05156452 0.05182390 0.07299548 0.31513847 0.06495603 0.04815908 0.00000000 0.05389137 0.05402049 0.45695069 0.04935476 0.04723890 
pelecanus_crispus           0.03834864 0.03928442 0.06010617 0.30143651 0.05258521 0.03415741 0.05389137 0.00000000 0.04028754 0.44385437 0.03423665 0.03204838 
phaethon_lepturus           0.03855986 0.03910585 0.06057481 0.30376423 0.05148753 0.03440554 0.05402049 0.04028754 0.00000000 0.44586323 0.03560431 0.03281362 
phoca_vitulina              0.44185355 0.44329625 0.44403101 0.49858203 0.45190586 0.43833113 0.45695069 0.44385437 0.44586323 0.00000000 0.44201607 0.44054888 
pygoscelis_adeliae          0.03368192 0.03457599 0.05590165 0.29924479 0.04831901 0.02875041 0.04935476 0.03423665 0.03560431 0.44201607 0.00000000 0.02639588 
thalassarche_chlororhynchos 0.03131581 0.03194668 0.05227348 0.29726323 0.04593554 0.02611144 0.04723890 0.03204838 0.03281362 0.44054888 0.02639588 0.00000000 
